mere 100 20 20 40 40 15 15 9 2 3
pere 100 20 20 40 40 15 15 9 2 4
Wed Jun  9 04:06:16 2021
Mic dejun
mere 100 20 20 40 40 15 15 9 2 3
pere 100 20 20 40 40 15 15 9 2 4
Wed Jun  9 04:24:32 2021
Pranz
MIC_DEJUN.calc_progres_real(); 0 -1.07374e+08 -1.07374e+08 -1.07374e+08 -1.07374e+08 -1.07374e+08 -1.07374e+08 -1.07374e+08 -1.07374e+08 -858993460
 0 -1.07374e+08 -1.07374e+08 -1.07374e+08 -1.07374e+08 -1.07374e+08 -1.07374e+08 -1.07374e+08 -1.07374e+08 -858993460
Wed Jun  9 04:28:14 2021
Mic dejun
mere 100 20 20 40 40 15 15 9 2 3
pere 100 20 20 40 40 15 15 9 2 4
Wed Jun  9 04:31:03 2021
Mic dejun
